60
183 184
175 204
173 221
174 236
178 249
184 258
191 264
199 268
206 269
213 268
219 266
224 262
228 259
231 255
232 251
172 237
179 239
186 239
193 239
200 239
207 238
213 237
219 237
224 237
228 237
231 239
233 241
234 244
234 248
232 251
182 183
182 188
189 189
197 187
204 182
209 176
212 170
212 164
209 159
204 155
197 153
190 153
182 154
175 157
168 161
172 237
166 236
160 233
154 230
149 226
145 220
142 214
140 207
140 200
141 192
144 184
148 177
154 170
160 165
168 161
2
59 1
2
2 0 
2
3 1 
2
4 2 
2
5 3 
2
6 4 
2
7 5 
2
8 6 
2
9 7 
2
10 8 
2
11 9 
2
12 10 
2
13 11 
2
14 12 
2
15 13 
2
16 14 
2
17 15 
2
18 16 
2
19 17 
2
20 18 
2
21 19 
2
22 20 
2
23 21 
2
24 22 
2
25 23 
2
26 24 
2
27 25 
2
28 26 
2
29 27 
2
30 28 
2
31 29 
2
32 30 
2
33 31 
2
34 32 
2
35 33 
2
36 34 
2
37 35 
2
38 36 
2
39 37 
2
40 38 
2
41 39 
2
42 40 
2
43 41 
2
44 42 
2
45 43 
2
46 44 
2
47 45 
2
48 46 
2
49 47 
2
50 48 
2
51 49 
2
52 50 
2
53 51 
2
54 52 
2
55 53 
2
56 54 
2
57 55 
2
58 56 
2
59 57 
2
0 58 
