34
230 134
211 146
210 212
61 241
46 269
68 287
211 258
212 314
205 386
158 447
129 513
129 568
161 569
166 528
218 433
245 406
275 431
304 527
309 583
347 577
343 522
335 454
289 402
284 339
285 273
283 259
395 293
425 282
400 244
275 213
276 147
249 138
243 133
236 131
1
1  
2
0 2  
2
1 3  
2
2 4  
2
3 5  
2
4 6  
2
5 7  
2
6 8  
2
7 9  
2
8 10  
2
9 11  
2
10 12  
2
11 13  
2
12 14  
2
13 15  
2
14 16  
2
15 17  
2
16 18  
2
17 19  
2
18 20  
2
19 21  
2
20 22  
2
21 23  
2
22 24  
2
23 25  
2
24 26  
2
25 27  
2
26 28  
2
27 29  
2
28 30  
2
29 31  
2
30 32  
2
31 33  
1
32  
