29
194 216
196 169
241 170
243 213
291 228
329 288
329 305
301 297
281 252
254 247
257 329
283 424
290 514
281 534
243 514
250 425
229 340
215 340
190 419
194 508
172 517
151 504
163 413
193 329
192 240
166 249
143 286
116 285
153 220
2
1 28  
2
0 2  
2
1 3  
2
2 4  
2
3 5  
2
4 6  
2
5 7  
2
6 8  
2
7 9  
2
8 10  
2
9 11  
2
10 12  
2
11 13  
2
12 14  
2
13 15  
2
14 16  
2
15 17  
2
16 18  
2
17 19  
2
18 20  
2
19 21  
2
20 22  
2
21 23  
2
22 24  
2
23 25  
2
24 26  
2
25 27  
2
26 28  
2
27 0  
