53
113 289
146 329
98 355
81 401
81 408
96 399
105 360
148 335
171 339
152 374
158 431
170 421
166 375
189 340
235 334
232 363
260 421
269 421
244 362
245 335
271 321
266 346
301 404
305 379
279 344
286 320
319 278
281 222
274 197
310 169
310 152
263 182
258 211
225 192
240 159
274 122
267 107
235 146
214 189
185 187
177 137
204 105
190 86
158 132
165 185
137 187
109 115
124 84
115 77
89 120
118 188
106 234
113 284
1
1  
2
0 2  
2
1 3  
2
2 4  
2
3 5  
2
4 6  
2
5 7  
2
6 8  
2
7 9  
2
8 10  
2
9 11  
2
10 12  
2
11 13  
2
12 14  
2
13 15  
2
14 16  
2
15 17  
2
16 18  
2
17 19  
2
18 20  
2
19 21  
2
20 22  
2
21 23  
2
22 24  
2
23 25  
2
24 26  
2
25 27  
2
26 28  
2
27 29  
2
28 30  
2
29 31  
2
30 32  
2
31 33  
2
32 34  
2
33 35  
2
34 36  
2
35 37  
2
36 38  
2
37 39  
2
38 40  
2
39 41  
2
40 42  
2
41 43  
2
42 44  
2
43 45  
2
44 46  
2
45 47  
2
46 48  
2
47 49  
2
48 50  
2
49 51  
2
50 52  
1
51  
