55
208 98
193 106
189 119
191 134
201 145
211 150
203 163
186 168
158 176
130 185
123 191
122 207
139 209
170 203
189 197
204 193
215 188
219 211
209 228
199 243
191 256
183 276
164 303
166 328
186 327
204 319
222 293
230 264
240 244
285 305
294 323
332 318
339 299
321 268
304 264
289 259
276 247
261 227
255 197
257 185
274 184
296 198
305 202
326 187
321 170
287 156
262 157
244 158
233 148
252 146
259 137
259 123
250 102
237 91
220 81
2
1 54 
2
2 0 
2
3 1 
2
4 2 
2
5 3 
2
6 4 
2
7 5 
2
8 6 
2
9 7 
2
10 8 
2
11 9 
2
12 10 
2
13 11 
2
14 12 
2
15 13 
2
16 14 
2
17 15 
2
18 16 
2
19 17 
2
20 18 
2
21 19 
2
22 20 
2
23 21 
2
24 22 
2
25 23 
2
26 24 
2
27 25 
2
28 26 
2
29 27 
2
30 28 
2
31 29 
2
32 30 
2
33 31 
2
34 32 
2
35 33 
2
36 34 
2
37 35 
2
38 36 
2
39 37 
2
40 38 
2
41 39 
2
42 40 
2
43 41 
2
44 42 
2
45 43 
2
46 44 
2
47 45 
2
48 46 
2
49 47 
2
50 48 
2
51 49 
2
52 50 
2
53 51 
2
54 52 
2
0 53 
